id: ChIJ74XgwZlZwokRsIJX2ywmd3s
Monday: 21 20 15 12 0 0 0 0 0 0 0 1 4 7 12 17 21 24 25 26 28 32 36 37
Tuesday: 32 23 14 7 0 0 0 0 0 0 0 1 6 9 7 6 12 24 38 43 41 36 32 28
Wednesday: 22 16 10 6 0 0 0 0 0 0 0 3 7 11 12 14 21 34 47 55 55 50 44 43
Thursday: 43 38 27 14 0 0 0 0 0 0 0 2 4 7 13 19 28 36 45 52 56 57 53 47
Friday: 38 29 21 14 0 0 0 0 0 0 0 5 7 9 14 20 28 37 49 60 69 74 73 66
Saturday: 55 42 29 19 0 0 0 0 0 0 0 5 9 15 22 28 33 34 34 37 50 69 88 100
Sunday: 98 78 50 24 0 0 0 0 0 0 0 10 23 40 51 56 57 53 46 37 29 25 23 23
id: ChIJdwhxKZdZwokR8Ulvi1f8-2Y
Monday: 0 0 0 0 0 0 0 0 0 0 0 0 0 0 0 0 0 8 17 28 32 30 21 11
Tuesday: 4 0 0 0 0 0 0 0 0 0 0 0 0 0 0 0 0 24 46 64 66 50 28 12
Wednesday: 3 0 0 0 0 0 0 0 0 0 0 0 0 0 0 0 0 16 32 47 52 51 46 30
Thursday: 10 0 0 0 0 0 0 0 0 0 0 0 0 0 0 0 0 17 32 47 58 61 57 40
Friday: 21 7 0 0 0 0 0 0 0 0 0 0 0 0 0 0 0 23 47 68 77 75 68 56
Saturday: 40 23 11 0 0 0 0 0 0 0 0 0 0 0 0 0 0 8 21 41 67 89 100 92
Sunday: 70 43 23 0 0 0 0 0 0 0 0 0 0 0 0 0 0 3 7 14 17 15 11 5
id: ChIJWZUnVpFZwokRfm4DSgbRR7Y
Monday: 0 0 0 0 0 0 0 0 0 0 0 0 0 0 0 0 0 14 18 20 20 18 14 10
Tuesday: 6 0 0 0 0 0 0 0 0 0 0 0 0 0 0 0 0 14 22 31 33 31 33 29
Wednesday: 16 0 0 0 0 0 0 0 0 0 0 0 0 0 0 0 0 25 47 75 85 79 70 62
Thursday: 31 0 0 0 0 0 0 0 0 0 0 0 0 0 0 0 0 4 10 37 83 100 72 68
Friday: 60 20 0 0 0 0 0 0 0 0 0 0 0 0 0 0 0 20 35 56 77 93 95 81
Saturday: 56 33 0 0 0 0 0 0 0 0 0 0 0 0 0 0 0 10 12 16 31 58 81 81
Sunday: 58 29 0 0 0 0 0 0 0 0 0 0 0 0 0 0 0 0 0 0 0 0 0 0
id: ChIJcfHLy5BZwokRafTR9FHrpNw
Monday: 0 0 0 0 0 0 0 0 0 0 0 10 15 17 13 8 8 16 33 52 55 40 20 6
Tuesday: 0 0 0 0 0 0 0 0 0 0 0 5 6 7 8 8 11 22 46 71 78 59 31 11
Wednesday: 0 0 0 0 0 0 0 0 0 0 0 9 17 22 19 11 9 20 47 78 88 68 35 12
Thursday: 0 0 0 0 0 0 0 0 0 0 0 9 16 22 22 17 12 18 44 80 96 73 35 10
Friday: 0 0 0 0 0 0 0 0 0 0 0 7 12 16 18 18 19 31 60 91 100 85 60 33
Saturday: 0 0 0 0 0 0 0 0 0 0 0 16 30 42 44 36 29 36 58 83 95 86 60 33
Sunday: 0 0 0 0 0 0 0 0 0 0 0 5 15 27 35 33 31 37 52 63 60 45 25 11
id: ChIJh4jF_ZlZwokRWwOOOHh2Dj4
Monday: 0 0 0 0 0 0 0 0 0 0 0 0 11 7 14 22 0 14 29 40 37 25 11 0
Tuesday: 0 0 0 0 0 0 0 0 0 0 0 0 11 3 3 7 11 18 29 40 40 33 18 0
Wednesday: 0 0 0 0 0 0 0 0 0 0 0 0 0 3 11 18 22 18 29 48 55 44 22 0
Thursday: 0 0 0 0 0 0 0 0 0 0 0 0 14 22 18 11 7 18 40 62 66 48 22 0
Friday: 0 0 0 0 0 0 0 0 0 0 0 0 7 14 22 29 40 51 55 55 48 40 29 0
Saturday: 0 0 0 0 0 0 0 0 0 0 0 0 0 0 0 0 14 22 40 74 100 96 70 37
Sunday: 0 0 0 0 0 0 0 0 0 0 0 0 0 0 0 11 22 29 29 29 29 18 0 0
id: ChIJZ72FzplZwokRmcA7CQzDMj0
Monday: 0 0 0 0 0 0 0 0 0 0 0 0 49 53 37 0 0 18 41 61 60 39 0 0
Tuesday: 0 0 0 0 0 0 0 0 0 0 0 0 37 50 45 0 0 35 58 73 67 43 0 0
Wednesday: 0 0 0 0 0 0 0 0 0 0 0 0 55 58 49 0 0 23 45 74 83 61 0 0
Thursday: 0 0 0 0 0 0 0 0 0 0 0 0 65 76 62 0 0 32 51 73 81 71 0 0
Friday: 0 0 0 0 0 0 0 0 0 0 0 0 46 64 58 0 0 31 50 70 77 68 48 0
Saturday: 0 0 0 0 0 0 0 0 0 0 0 0 0 0 0 0 0 40 68 92 100 86 59 0
Sunday: 0 0 0 0 0 0 0 0 0 0 0 0 0 0 0 0 0 23 47 68 67 43 0 0